0 1
0.02 0.9999
0.04 0.9996
0.06 0.9991
0.08 0.998401
0.1 0.997502
0.12 0.996403
0.14 0.995106
0.16 0.99361
0.18 0.991916
0.2 0.990025
0.22 0.987937
0.24 0.985652
0.26 0.983171
0.28 0.980496
0.3 0.977626
0.32 0.974563
0.34 0.971308
0.36 0.967861
0.38 0.964224
0.4 0.960398
0.42 0.956384
0.44 0.952183
0.46 0.947796
0.48 0.943224
0.5 0.93847
0.52 0.933534
0.54 0.928418
0.56 0.923123
0.58 0.917652
0.6 0.912005
0.62 0.906184
0.64 0.900192
0.66 0.894029
0.68 0.887698
0.7 0.881201
0.72 0.874539
0.74 0.867715
0.76 0.86073
0.78 0.853587
0.8 0.846287
0.82 0.838834
0.84 0.831228
0.86 0.823473
0.88 0.815571
0.9 0.807524
0.92 0.799334
0.94 0.791004
0.96 0.782536
0.98 0.773933
1 0.765198
1.02 0.756332
1.04 0.747339
1.06 0.738221
1.08 0.728981
1.1 0.719622
1.12 0.710146
1.14 0.700556
1.16 0.690856
1.18 0.681047
1.2 0.671133
1.22 0.661116
1.24 0.651
1.26 0.640788
1.28 0.630482
1.3 0.620086
1.32 0.609602
1.34 0.599034
1.36 0.588385
1.38 0.577658
1.4 0.566855
1.42 0.555981
1.44 0.545038
1.46 0.534029
1.48 0.522958
1.5 0.511828
1.52 0.500642
1.54 0.489403
1.56 0.478114
1.58 0.46678
1.6 0.455402
1.62 0.443985
1.64 0.432531
1.66 0.421045
1.68 0.409528
1.7 0.397985
1.72 0.386418
1.74 0.374832
1.76 0.363229
1.78 0.351613
1.8 0.339986
1.82 0.328353
1.84 0.316717
1.86 0.30508
1.88 0.293446
1.9 0.281819
1.92 0.270201
1.94 0.258596
1.96 0.247007
1.98 0.235438
2 0.223891
2.02 0.21237
2.04 0.200878
2.06 0.189418
2.08 0.177993
2.1 0.166607
2.12 0.155262
2.14 0.143963
2.16 0.132711
2.18 0.121509
2.2 0.110362
2.22 0.099272
2.24 0.0882416
2.26 0.0772742
2.28 0.0663726
2.3 0.0555398
2.32 0.0447786
2.34 0.0340921
2.36 0.0234828
2.38 0.0129538
2.4 0.00250768
2.42 -0.00785272
2.44 -0.0181247
2.46 -0.0283057
2.48 -0.0383929
2.5 -0.0483838
2.52 -0.0582758
2.54 -0.0680664
2.56 -0.0777531
2.58 -0.0873334
2.6 -0.096805
2.62 -0.106165
2.64 -0.115412
2.66 -0.124543
2.68 -0.133557
2.7 -0.142449
2.72 -0.15122
2.74 -0.159866
2.76 -0.168385
2.78 -0.176776
2.8 -0.185036
2.82 -0.193164
2.84 -0.201157
2.86 -0.209014
2.88 -0.216733
2.9 -0.224312
2.92 -0.231749
2.94 -0.239043
2.96 -0.246193
2.98 -0.253196
3 -0.260052
3.02 -0.266758
3.04 -0.273314
3.06 -0.279718
3.08 -0.285968
3.1 -0.292064
3.12 -0.298005
3.14 -0.303788
3.16 -0.309414
3.18 -0.314881
3.2 -0.320188
3.22 -0.325335
3.24 -0.330319
3.26 -0.335142
3.28 -0.339801
3.3 -0.344296
3.32 -0.348627
3.34 -0.352793
3.36 -0.356793
3.38 -0.360628
3.4 -0.364296
3.42 -0.367797
3.44 -0.371131
3.46 -0.374297
3.48 -0.377296
3.5 -0.380128
3.52 -0.382791
3.54 -0.385287
3.56 -0.387615
3.58 -0.389776
3.6 -0.391769
3.62 -0.393595
3.64 -0.395253
3.66 -0.396745
3.68 -0.398071
3.7 -0.39923
3.72 -0.400224
3.74 -0.401053
3.76 -0.401718
3.78 -0.402219
3.8 -0.402556
3.82 -0.402732
3.84 -0.402746
3.86 -0.402599
3.88 -0.402292
3.9 -0.401826
3.92 -0.401202
3.94 -0.400422
3.96 -0.399485
3.98 -0.398394
4 -0.39715
4.02 -0.395753
4.04 -0.394205
4.06 -0.392508
4.08 -0.390662
4.1 -0.38867
4.12 -0.386532
4.14 -0.38425
4.16 -0.381826
4.18 -0.379261
4.2 -0.376557
4.22 -0.373716
4.24 -0.370739
4.26 -0.367628
4.28 -0.364385
4.3 -0.361011
4.32 -0.357509
4.34 -0.353881
4.36 -0.350128
4.38 -0.346253
4.4 -0.342257
4.42 -0.338142
4.44 -0.333912
4.46 -0.329567
4.48 -0.32511
4.5 -0.320543
4.52 -0.315868
4.54 -0.311088
4.56 -0.306204
4.58 -0.30122
4.6 -0.296138
4.62 -0.290959
4.64 -0.285687
4.66 -0.280323
4.68 -0.27487
4.7 -0.269331
4.72 -0.263708
4.74 -0.258003
4.76 -0.252219
4.78 -0.246359
4.8 -0.240425
4.82 -0.23442
4.84 -0.228346
4.86 -0.222206
4.88 -0.216003
4.9 -0.209738
4.92 -0.203416
4.94 -0.197038
4.96 -0.190607
4.98 -0.184125
5 -0.177597
5.02 -0.171023
5.04 -0.164408
5.06 -0.157752
5.08 -0.151061
5.1 -0.144335
5.12 -0.137578
5.14 -0.130792
5.16 -0.12398
5.18 -0.117146
5.2 -0.11029
5.22 -0.103418
5.24 -0.0965297
5.26 -0.0896295
5.28 -0.0827198
5.3 -0.0758031
5.32 -0.0688822
5.34 -0.0619598
5.36 -0.0550386
5.38 -0.0481211
5.4 -0.0412101
5.42 -0.0343082
5.44 -0.027418
5.46 -0.0205422
5.48 -0.0136833
5.5 -0.00684387
5.52 -2.65784e-05
5.54 0.00676607
5.56 0.0135315
5.58 0.0202673
5.6 0.0269709
5.62 0.0336398
5.64 0.0402716
5.66 0.0468638
5.68 0.0534141
5.7 0.05992
5.72 0.0663792
5.74 0.0727894
5.76 0.0791482
5.78 0.0854533
5.8 0.0917026
5.82 0.0978937
5.84 0.104024
5.86 0.110093
5.88 0.116096
5.9 0.122033
5.92 0.127901
5.94 0.133699
5.96 0.139423
5.98 0.145073
6 0.150645
6.02 0.156139
6.04 0.161553
6.06 0.166884
6.08 0.172131
6.1 0.177291
6.12 0.182365
6.14 0.187348
6.16 0.192241
6.18 0.197041
6.2 0.201747
6.22 0.206357
6.24 0.21087
6.26 0.215285
6.28 0.219599
6.3 0.223812
6.32 0.227922
6.34 0.231928
6.36 0.235829
6.38 0.239624
6.4 0.243311
6.42 0.246889
6.44 0.250357
6.46 0.253715
6.48 0.256961
6.5 0.260095
6.52 0.263115
6.54 0.26602
6.56 0.268811
6.58 0.271485
6.6 0.274043
6.62 0.276484
6.64 0.278807
6.66 0.281012
6.68 0.283098
6.7 0.285065
6.72 0.286912
6.74 0.288638
6.76 0.290245
6.78 0.291731
6.8 0.293096
6.82 0.294339
6.84 0.295462
6.86 0.296463
6.88 0.297343
6.9 0.298102
6.92 0.298739
6.94 0.299256
6.96 0.299651
6.98 0.299925
7 0.300079
7.02 0.300113
7.04 0.300026
7.06 0.29982
7.08 0.299495
7.1 0.299051
7.12 0.298489
7.14 0.29781
7.16 0.297013
7.18 0.2961
7.2 0.295071
7.22 0.293927
7.24 0.292669
7.26 0.291297
7.28 0.289813
7.3 0.288217
7.32 0.28651
7.34 0.284694
7.36 0.282769
7.38 0.280736
7.4 0.278596
7.42 0.276351
7.44 0.274002
7.46 0.271549
7.48 0.268995
7.5 0.26634
7.52 0.263585
7.54 0.260733
7.56 0.257784
7.58 0.25474
7.6 0.251602
7.62 0.248372
7.64 0.245051
7.66 0.241641
7.68 0.238143
7.7 0.234559
7.72 0.230891
7.74 0.22714
7.76 0.223308
7.78 0.219397
7.8 0.215408
7.82 0.211343
7.84 0.207204
7.86 0.202993
7.88 0.198712
7.9 0.194362
7.92 0.189945
7.94 0.185464
7.96 0.18092
7.98 0.176315
8 0.171651
8.02 0.16693
8.04 0.162154
8.06 0.157325
8.08 0.152446
8.1 0.147517
8.12 0.142542
8.14 0.137522
8.16 0.13246
8.18 0.127357
8.2 0.122215
8.22 0.117038
8.24 0.111826
8.26 0.106582
8.28 0.101308
8.3 0.0960061
8.32 0.0906789
8.34 0.0853282
8.36 0.0799563
8.38 0.0745652
8.4 0.0691573
8.42 0.0637345
8.44 0.0582992
8.46 0.0528534
8.48 0.0473994
8.5 0.0419393
8.52 0.0364752
8.54 0.0310094
8.56 0.025544
8.58 0.0200812
8.6 0.014623
8.62 0.00917167
8.64 0.00372932
8.66 -0.00170194
8.68 -0.00712
8.7 -0.0125227
8.72 -0.0179081
8.74 -0.0232739
8.76 -0.0286182
8.78 -0.0339388
8.8 -0.0392338
8.82 -0.0445011
8.84 -0.0497387
8.86 -0.0549445
8.88 -0.0601167
8.9 -0.0652532
8.92 -0.0703522
8.94 -0.0754116
8.96 -0.0804295
8.98 -0.0854042
9 -0.0903336
9.02 -0.095216
9.04 -0.10005
9.06 -0.104832
9.08 -0.109563
9.1 -0.114239
9.12 -0.11886
9.14 -0.123422
9.16 -0.127926
9.18 -0.132368
9.2 -0.136748
9.22 -0.141064
9.24 -0.145314
9.26 -0.149497
9.28 -0.153611
9.3 -0.157655
9.32 -0.161627
9.34 -0.165526
9.36 -0.169351
9.38 -0.1731
9.4 -0.176772
9.42 -0.180365
9.44 -0.183878
9.46 -0.187311
9.48 -0.190661
9.5 -0.193929
9.52 -0.197112
9.54 -0.200209
9.56 -0.20322
9.58 -0.206144
9.6 -0.208979
9.62 -0.211724
9.64 -0.21438
9.66 -0.216944
9.68 -0.219416
9.7 -0.221795
9.72 -0.224081
9.74 -0.226273
9.76 -0.22837
9.78 -0.230371
9.8 -0.232276
9.82 -0.234084
9.84 -0.235796
9.86 -0.237409
9.88 -0.238924
9.9 -0.240341
9.92 -0.241659
9.94 -0.242878
9.96 -0.243997
9.98 -0.245016
10 -0.245936
10.02 -0.246755
10.04 -0.247474
10.06 -0.248093
10.08 -0.248612
10.1 -0.24903
10.12 -0.249347
10.14 -0.249565
10.16 -0.249682
10.18 -0.2497
10.2 -0.249617
10.22 -0.249435
10.24 -0.249154
10.26 -0.248773
10.28 -0.248294
10.3 -0.247717
10.32 -0.247042
10.34 -0.246269
10.36 -0.245399
10.38 -0.244433
10.4 -0.243372
10.42 -0.242215
10.44 -0.240963
10.46 -0.239618
10.48 -0.238179
10.5 -0.236648
10.52 -0.235026
10.54 -0.233312
10.56 -0.231508
10.58 -0.229616
10.6 -0.227635
10.62 -0.225567
10.64 -0.223413
10.66 -0.221173
10.68 -0.21885
10.7 -0.216443
10.72 -0.213954
10.74 -0.211384
10.76 -0.208735
10.78 -0.206007
10.8 -0.203202
10.82 -0.200321
10.84 -0.197365
10.86 -0.194336
10.88 -0.191234
10.9 -0.188062
10.92 -0.184821
10.94 -0.181511
10.96 -0.178136
10.98 -0.174695
11 -0.17119
11.02 -0.167624
11.04 -0.163997
11.06 -0.160311
11.08 -0.156567
11.1 -0.152768
11.12 -0.148915
11.14 -0.145009
11.16 -0.141052
11.18 -0.137046
11.2 -0.132992
11.22 -0.128892
11.24 -0.124748
11.26 -0.120562
11.28 -0.116335
11.3 -0.112068
11.32 -0.107765
11.34 -0.103426
11.36 -0.0990535
11.38 -0.0946491
11.4 -0.0902145
11.42 -0.0857517
11.44 -0.0812623
11.46 -0.0767484
11.48 -0.0722117
11.5 -0.0676539
11.52 -0.0630771
11.54 -0.058483
11.56 -0.0538735
11.58 -0.0492505
11.6 -0.0446157
11.62 -0.0399711
11.64 -0.0353184
11.66 -0.0306597
11.68 -0.0259967
11.7 -0.0213313
11.72 -0.0166653
11.74 -0.0120006
11.76 -0.00733909
11.78 -0.00268255
11.8 0.00196717
11.82 0.00660823
11.84 0.0112388
11.86 0.0158571
11.88 0.0204612
11.9 0.0250494
11.92 0.02962
11.94 0.034171
11.96 0.0387007
11.98 0.0432074
12 0.0476893
12.02 0.0521447
12.04 0.0565718
12.06 0.060969
12.08 0.0653346
12.1 0.0696668
12.12 0.073964
12.14 0.0782245
12.16 0.0824468
12.18 0.0866292
12.2 0.0907701
12.22 0.094868
12.24 0.0989212
12.26 0.102928
12.28 0.106888
12.3 0.110798
12.32 0.114658
12.34 0.118465
12.36 0.122219
12.38 0.125918
12.4 0.129561
12.42 0.133146
12.44 0.136672
12.46 0.140138
12.48 0.143543
12.5 0.146884
12.52 0.150162
12.54 0.153374
12.56 0.156519
12.58 0.159598
12.6 0.162607
12.62 0.165547
12.64 0.168416
12.66 0.171213
12.68 0.173937
12.7 0.176588
12.72 0.179164
12.74 0.181664
12.76 0.184087
12.78 0.186433
12.8 0.188701
12.82 0.19089
12.84 0.193
12.86 0.195029
12.88 0.196976
12.9 0.198842
12.92 0.200626
12.94 0.202327
12.96 0.203944
12.98 0.205477
13 0.206926
13.02 0.20829
13.04 0.209568
13.06 0.210761
13.08 0.211868
13.1 0.212888
13.12 0.213822
13.14 0.214669
13.16 0.215428
13.18 0.216101
13.2 0.216686
13.22 0.217183
13.24 0.217594
13.26 0.217916
13.28 0.218151
13.3 0.218298
13.32 0.218358
13.34 0.21833
13.36 0.218216
13.38 0.218014
13.4 0.217725
13.42 0.21735
13.44 0.216888
13.46 0.216341
13.48 0.215708
13.5 0.214989
13.52 0.214186
13.54 0.213298
13.56 0.212326
13.58 0.211271
13.6 0.210133
13.62 0.208913
13.64 0.207611
13.66 0.206228
13.68 0.204764
13.7 0.203221
13.72 0.201599
13.74 0.199898
13.76 0.19812
13.78 0.196266
13.8 0.194336
13.82 0.192331
13.84 0.190251
13.86 0.188099
13.88 0.185875
13.9 0.18358
13.92 0.181214
13.94 0.17878
13.96 0.176278
13.98 0.173708
14 0.171073
14.02 0.168374
14.04 0.165611
14.06 0.162785
14.08 0.159899
14.1 0.156953
14.12 0.153948
14.14 0.150886
14.16 0.147768
14.18 0.144595
14.2 0.141369
14.22 0.138091
14.24 0.134763
14.26 0.131385
14.28 0.12796
14.3 0.124488
14.32 0.120971
14.34 0.117411
14.36 0.113808
14.38 0.110166
14.4 0.106484
14.42 0.102765
14.44 0.09901
14.46 0.0952206
14.48 0.0913984
14.5 0.0875449
14.52 0.0836617
14.54 0.0797504
14.56 0.0758127
14.58 0.07185
14.6 0.0678641
14.62 0.0638565
14.64 0.0598288
14.66 0.0557827
14.68 0.0517198
14.7 0.0476418
14.72 0.0435503
14.74 0.039447
14.76 0.0353334
14.78 0.0312113
14.8 0.0270823
14.82 0.0229481
14.84 0.0188102
14.86 0.0146704
14.88 0.0105303
14.9 0.00639154
14.92 0.00225579
14.94 -0.00187532
14.96 -0.00600016
14.98 -0.0101171
15 -0.0142245
15.02 -0.0183207
15.04 -0.0224042
15.06 -0.0264732
15.08 -0.0305263
15.1 -0.0345619
15.12 -0.0385782
15.14 -0.0425738
15.16 -0.0465472
15.18 -0.0504967
15.2 -0.0544208
15.22 -0.058318
15.24 -0.0621868
15.26 -0.0660256
15.28 -0.069833
15.3 -0.0736075
15.32 -0.0773477
15.34 -0.0810521
15.36 -0.0847192
15.38 -0.0883477
15.4 -0.0919362
15.42 -0.0954833
15.44 -0.0989876
15.46 -0.102448
15.48 -0.105863
15.5 -0.109231
15.52 -0.112551
15.54 -0.115821
15.56 -0.119042
15.58 -0.12221
15.6 -0.125326
15.62 -0.128388
15.64 -0.131394
15.66 -0.134344
15.68 -0.137236
15.7 -0.14007
15.72 -0.142845
15.74 -0.145558
15.76 -0.14821
15.78 -0.1508
15.8 -0.153326
15.82 -0.155787
15.84 -0.158183
15.86 -0.160513
15.88 -0.162776
15.9 -0.16497
15.92 -0.167097
15.94 -0.169153
15.96 -0.17114
15.98 -0.173055
16 -0.174899
16.02 -0.176671
16.04 -0.17837
16.06 -0.179995
16.08 -0.181547
16.1 -0.183024
16.12 -0.184426
16.14 -0.185752
16.16 -0.187003
16.18 -0.188177
16.2 -0.189275
16.22 -0.190296
16.24 -0.191239
16.26 -0.192105
16.28 -0.192893
16.3 -0.193602
16.32 -0.194234
16.34 -0.194787
16.36 -0.195262
16.38 -0.195658
16.4 -0.195975
16.42 -0.196213
16.44 -0.196373
16.46 -0.196454
16.48 -0.196457
16.5 -0.196381
16.52 -0.196226
16.54 -0.195994
16.56 -0.195683
16.58 -0.195294
16.6 -0.194828
16.62 -0.194284
16.64 -0.193664
16.66 -0.192967
16.68 -0.192193
16.7 -0.191344
16.72 -0.190419
16.74 -0.189419
16.76 -0.188344
16.78 -0.187196
16.8 -0.185974
16.82 -0.184679
16.84 -0.183312
16.86 -0.181873
16.88 -0.180363
16.9 -0.178783
16.92 -0.177134
16.94 -0.175415
16.96 -0.173629
16.98 -0.171775
17 -0.169854
17.02 -0.167868
17.04 -0.165817
17.06 -0.163703
17.08 -0.161525
17.1 -0.159285
17.12 -0.156985
17.14 -0.154624
17.16 -0.152204
17.18 -0.149726
17.2 -0.147191
17.22 -0.1446
17.24 -0.141955
17.26 -0.139256
17.28 -0.136504
17.3 -0.133701
17.32 -0.130847
17.34 -0.127945
17.36 -0.124995
17.38 -0.121998
17.4 -0.118956
17.42 -0.11587
17.44 -0.112741
17.46 -0.10957
17.48 -0.10636
17.5 -0.10311
17.52 -0.0998235
17.54 -0.0965004
17.56 -0.0931425
17.58 -0.0897512
17.6 -0.0863279
17.62 -0.082874
17.64 -0.0793908
17.66 -0.0758799
17.68 -0.0723426
17.7 -0.0687804
17.72 -0.0651947
17.74 -0.061587
17.76 -0.0579587
17.78 -0.0543114
17.8 -0.0506464
17.82 -0.0469654
17.84 -0.0432696
17.86 -0.0395607
17.88 -0.0358402
17.9 -0.0321095
17.92 -0.0283701
17.94 -0.0246235
17.96 -0.0208713
17.98 -0.0171149
18 -0.0133558
18.02 -0.00959558
18.04 -0.00583568
18.06 -0.00207762
18.08 0.00167711
18.1 0.00542702
18.12 0.00917063
18.14 0.0129064
18.16 0.016633
18.18 0.0203487
18.2 0.0240523
18.22 0.0277422
18.24 0.0314169
18.26 0.0350751
18.28 0.0387152
18.3 0.0423358
18.32 0.0459356
18.34 0.0495131
18.36 0.0530669
18.38 0.0565956
18.4 0.0600979
18.42 0.0635723
18.44 0.0670176
18.46 0.0704323
18.48 0.0738151
18.5 0.0771648
18.52 0.08048
18.54 0.0837595
18.56 0.087002
18.58 0.0902061
18.6 0.0933708
18.62 0.0964948
18.64 0.0995768
18.66 0.102616
18.68 0.10561
18.7 0.108559
18.72 0.111462
18.74 0.114317
18.76 0.117123
18.78 0.11988
18.8 0.122585
18.82 0.125239
18.84 0.12784
18.86 0.130387
18.88 0.132879
18.9 0.135315
18.92 0.137695
18.94 0.140017
18.96 0.142281
18.98 0.144485
19 0.146629
19.02 0.148713
19.04 0.150735
19.06 0.152694
19.08 0.15459
19.1 0.156423
19.12 0.158191
19.14 0.159894
19.16 0.161531
19.18 0.163102
19.2 0.164607
19.22 0.166043
19.24 0.167412
19.26 0.168713
19.28 0.169945
19.3 0.171107
19.32 0.1722
19.34 0.173223
19.36 0.174176
19.38 0.175058
19.4 0.175869
19.42 0.176609
19.44 0.177278
19.46 0.177875
19.48 0.1784
19.5 0.178854
19.52 0.179235
19.54 0.179545
19.56 0.179782
19.58 0.179948
19.6 0.180041
19.62 0.180062
19.64 0.180011
19.66 0.179888
19.68 0.179694
19.7 0.179427
19.72 0.17909
19.74 0.178681
19.76 0.178201
19.78 0.17765
19.8 0.177029
19.82 0.176337
19.84 0.175576
19.86 0.174746
19.88 0.173846
19.9 0.172878
19.92 0.171841
19.94 0.170737
19.96 0.169566
19.98 0.168328
